# relative_time, cycles_done, cur_item, corpus_count, pending_total, pending_favs, map_size, saved_crashes, saved_hangs, max_depth, execs_per_sec, total_execs, edges_found, total_crashes, servers_count
62, 0, 1, 129, 74, 30, 9.87%, 0, 0, 2, 23.65, 2190, 2348, 0, 0
67, 0, 1, 129, 74, 30, 9.87%, 0, 0, 2, 23.64, 2310, 2348, 0, 0
72, 0, 1, 132, 77, 30, 9.92%, 0, 0, 2, 23.66, 2429, 2360, 0, 0
77, 0, 1, 134, 79, 30, 9.92%, 0, 0, 2, 23.69, 2552, 2360, 0, 0
82, 0, 1, 134, 79, 30, 9.92%, 0, 0, 2, 23.64, 2672, 2360, 0, 0
88, 0, 1, 134, 79, 30, 9.92%, 0, 0, 2, 23.66, 2792, 2360, 0, 0
93, 0, 1, 135, 80, 30, 9.92%, 0, 0, 2, 23.67, 2915, 2360, 0, 0
98, 0, 1, 137, 82, 30, 9.93%, 0, 0, 2, 23.64, 3034, 2361, 0, 0
103, 0, 1, 139, 84, 30, 9.93%, 0, 0, 2, 23.62, 3155, 2361, 0, 0
108, 0, 1, 140, 85, 30, 9.93%, 0, 0, 2, 23.63, 3275, 2361, 0, 0
113, 0, 1, 143, 88, 30, 9.93%, 0, 0, 2, 23.65, 3398, 2361, 0, 0
118, 0, 1, 143, 88, 30, 9.93%, 0, 0, 2, 23.61, 3518, 2361, 0, 0
123, 0, 1, 144, 89, 30, 9.93%, 0, 0, 2, 23.62, 3640, 2361, 0, 0
129, 0, 1, 147, 92, 30, 9.94%, 0, 0, 2, 23.51, 3762, 2364, 0, 0
134, 0, 1, 148, 93, 30, 9.94%, 0, 0, 2, 23.61, 3881, 2364, 0, 0
139, 0, 1, 149, 94, 30, 9.94%, 0, 0, 2, 23.60, 4002, 2364, 0, 0
144, 0, 1, 151, 96, 30, 9.94%, 0, 0, 2, 23.60, 4122, 2364, 0, 0
149, 0, 1, 151, 96, 30, 9.94%, 0, 0, 2, 23.63, 4242, 2364, 0, 0
154, 0, 1, 151, 96, 30, 9.94%, 0, 0, 2, 23.56, 4362, 2364, 0, 0
159, 0, 1, 152, 97, 30, 9.94%, 0, 0, 2, 23.53, 4481, 2365, 0, 0
164, 0, 1, 152, 97, 30, 9.94%, 0, 0, 2, 23.58, 4601, 2365, 0, 0
169, 0, 1, 152, 97, 30, 9.94%, 0, 0, 2, 23.63, 4721, 2365, 0, 0
174, 0, 1, 153, 98, 30, 9.94%, 0, 0, 2, 23.65, 4842, 2365, 0, 0
179, 0, 1, 153, 98, 30, 9.94%, 0, 0, 2, 23.64, 4962, 2365, 0, 0
185, 0, 1, 153, 98, 30, 9.94%, 0, 0, 2, 23.61, 5082, 2365, 0, 0
190, 0, 1, 153, 98, 30, 9.94%, 0, 0, 2, 23.65, 5202, 2365, 0, 0
195, 0, 1, 153, 98, 30, 9.94%, 0, 0, 2, 23.61, 5322, 2365, 0, 0
200, 0, 1, 154, 99, 30, 9.94%, 0, 0, 2, 23.60, 5441, 2365, 0, 0
205, 0, 1, 154, 99, 30, 9.94%, 0, 0, 2, 23.64, 5561, 2365, 0, 0
210, 0, 1, 155, 100, 30, 9.96%, 0, 0, 2, 23.66, 5684, 2368, 0, 0
215, 0, 1, 156, 101, 30, 9.96%, 0, 0, 2, 23.60, 5807, 2368, 0, 0
220, 0, 1, 158, 103, 30, 9.96%, 0, 0, 2, 23.57, 5929, 2368, 0, 0
226, 0, 1, 158, 103, 30, 9.96%, 0, 0, 2, 23.63, 6049, 2368, 0, 0
231, 0, 1, 159, 104, 30, 9.96%, 0, 0, 2, 23.64, 6172, 2369, 0, 0
231, 0, 2, 159, 104, 30, 9.96%, 0, 0, 2, 23.36, 6176, 2369, 0, 0
